tree
version=v2
num_class=1
num_tree_per_iteration=1
label_index=0
max_feature_idx=27
objective=binary sigmoid:1
feature_names=feature_0 feature_1 feature_2 feature_3 feature_4 feature_5 feature_6 feature_7 feature_8 feature_9 feature_10 feature_11 feature_12 feature_13 feature_14 feature_15 feature_16 feature_17 feature_18 feature_19 feature_20 feature_21 feature_22 feature_23 feature_24 feature_25 feature_26 feature_27
feature_infos=[0.27500000000000002:6.6950000000000003] [-2.4169999999999998:2.4300000000000002] [-1.7430000000000001:1.7430000000000001] [0.019:5.7000000000000002] [-1.7430000000000001:1.7430000000000001] [0.159:4.1900000000000004] [-2.9410000000000003:2.9700000000000002] [-1.7409999999999999:1.7409999999999999] [0:2.173] [0.19:5.1929999999999996] [-2.9039999999999999:2.9089999999999998] [-1.742:1.7430000000000001] [0:2.2149999999999999] [0.26400000000000001:6.5229999999999997] [-2.7280000000000002:2.7269999999999999] [-1.742:1.742] [0:2.548] [0.36499999999999999:6.0679999999999996] [-2.4950000000000001:2.496] [-1.74:1.7430000000000001] [0:3.1019999999999999] 1:0:2:3:4:5:6:7 [0.41899999999999998:7.3920000000000003] [0.46100000000000002:3.6819999999999999] [0.38400000000000001:6.5829999999999993] [0.093000000000000013:7.8600000000000003] [0.38900000000000001:4.5430000000000001] [0.48899999999999999:4.3159999999999998]
tree_sizes=2510 2512 2491 2492 2495 2516 2512 2496 2498 2493

Tree=0
num_leaves=31
num_cat=0
split_feature=25 26 27 25 25 24 22 5 5 27 26 27 25 26 27 24 3 25 13 3 22 19 5 24 4 4 25 24 13 24
split_gain=257.055 164.481 154.153 62.9782 70.5426 52.5554 83.9337 35.8828 33.4739 27.7995 27.7079 26.4857 25.9768 22.0378 21.8567 33.6473 17.887 17.3299 16.213 15.1361 14.4119 15.3316 14.1813 13.3957 12.6868 13.6685 12.6182 12.6593 12.281 14.3862
threshold=1.2815000000000001 0.78050000000000008 0.90450000000000019 0.98450000000000015 0.6785000000000001 1.0265000000000002 1.0445000000000002 0.82550000000000001 1.0195000000000003 0.9225000000000001 0.86950000000000016 0.78850000000000009 0.62350000000000005 0.88850000000000018 0.88950000000000007 1.1225000000000003 1.9205000000000003 0.98950000000000016 1.3835000000000004 1.8335000000000004 0.94750000000000012 -0.96449999999999991 1.3365000000000002 0.71850000000000014 1.2535000000000001 -0.27149999999999996 0.58650000000000013 0.74550000000000016 0.96150000000000013 0.75150000000000006
decision_type=2 2 2 2 2 2 2 2 2 2 2 2 2 2 2 2 2 2 2 2 2 2 2 2 2 2 2 2 2 2
left_child=1 7 3 4 28 6 -4 23 13 22 11 -6 -7 -5 20 -16 17 -14 -19 -17 -2 -22 26 -1 25 -8 27 -9 29 -3
right_child=14 2 5 8 10 12 24 9 -10 -11 -12 -13 16 -15 15 19 -18 18 -20 -21 21 -23 -24 -25 -26 -27 -28 -29 -30 -31
leaf_value=-0.014487632508833923 -0.03553719008264463 0.051612903225806452 -0.055700325732899028 -0.037984496124031014 0.063176895306859202 -0.018012422360248449 0.0037037037037037038 0.0066666666666666654 0.057142857142857141 -0.10000000000000001 0.079227696404793616 0.0060869565217391312 0.043107221006564556 0.017721518987341773 -0.06540284360189573 -0.016049382716049384 -0.014583333333333335 -0.0024630541871921187 0.05789473684210527 -0.07192982456140351 -0.053846153846153821 0.033333333333333333 0.061403508771929828 -0.042787286063569685 -0.031818181818181822 0.048872180451127817 0.026618705035971225 -0.061904761904761907 0.049019607843137254 -0.0025641025641025641
leaf_count=283 121 62 307 129 277 161 135 75 112 22 751 115 457 158 422 324 96 203 57 57 26 90 57 409 44 133 139 42 102 234
internal_value=0 0.340351 0.545146 0.923711 1.10707 0.084118 -0.371567 -0.364167 0.215539 0.173134 1.35958 0.928571 0.373717 -0.146341 -0.761538 -0.919054 0.519065 0.627615 0.215385 -0.488189 -0.227848 0.275862 0.325879 -0.624277 0.358974 0.522388 0.125 -0.358974 0.38191 0.175676
internal_count=5600 4560 3533 1940 1541 1593 619 1027 399 335 1143 392 974 287 1040 803 813 717 260 381 237 116 313 692 312 268 256 117 398 296
shrinkage=0.05


Tree=1
num_leaves=31
num_cat=0
split_feature=25 26 25 25 3 5 22 5 26 22 22 26 22 3 26 24 9 25 3 5 24 26 19 13 9 19 24 5 23 3
split_gain=232.14 148.838 79.2678 117.468 38.0012 33.8964 19.9495 19.3012 21.5543 18.5318 19.0162 17.7412 20.1988 15.8127 14.2132 13.2715 12.7306 12.7014 12.3751 12.2273 11.5521 11.4962 11.7929 11.4813 11.2301 10.0782 9.94165 9.35651 9.3205 10.5943
threshold=1.2815000000000001 0.77650000000000008 0.62350000000000005 0.98950000000000016 1.6175000000000004 0.82550000000000001 1.0445000000000002 0.88150000000000006 1.0375000000000003 1.0025000000000002 0.84950000000000014 0.97650000000000003 0.78450000000000009 0.97650000000000003 0.94950000000000012 0.71850000000000014 0.89250000000000018 2.0390000000000006 1.1435000000000002 1.5755000000000001 1.7450000000000003 1.1205000000000003 0.62900000000000011 0.73250000000000004 0.81850000000000012 1.0425000000000002 1.1005000000000003 0.98050000000000004 0.98050000000000004 0.33650000000000008
decision_type=2 2 2 2 2 2 2 2 2 2 2 2 2 2 2 2 2 2 2 2 2 2 2 2 2 2 2 2 2 2
left_child=1 5 19 4 7 15 11 18 -9 10 -5 24 -13 -7 27 25 -15 -8 -4 -3 23 -16 -23 -6 -2 28 -14 -11 -1 -30
right_child=6 2 3 9 20 13 17 8 -10 14 -12 12 26 16 21 -17 -18 -19 -20 -21 -22 22 -24 -25 -26 -27 -28 -29 29 -31
leaf_value=-0.064496406024585437 -0.057709947939610109 -0.012343081404711853 0.046144971691278742 0.010891079506783787 0.046717290064776346 0.026422648565555752 -0.005361413113491433 0.070715866167414848 0.038544811960196532 -0.042395840530695339 -0.028485674888581138 0.0005033236819142684 -0.071967234790915727 -0.043434966810990461 0.051884731499612528 -0.042241189160716126 0.022314618105371813 -0.048479111100609852 0.018297259245522241 0.038462174294838551 -0.049999690007492881 -0.0082869314030411829 0.053661654091943393 0.0023226244816229773 0.0064412539920411533 -0.051002445266993324 -0.043089054782898942 0.037897996234674464 0.062266091998230771 -0.0061725089723261755
leaf_count=23 39 534 688 216 89 198 258 636 310 53 284 61 300 79 123 399 47 93 208 52 28 102 44 169 91 58 198 20 26 174
internal_value=0 0.323532 0.515612 0.648324 0.89868 -0.356584 -0.72391 1.00405 1.20339 0.0159405 -0.229501 -0.921682 -1.07652 0.175954 0.374751 -0.610265 -0.378145 -0.335709 0.793597 -0.156699 0.220204 0.587171 0.207621 0.352699 -0.256064 -0.277342 -1.20962 -0.408069 -0.0841718 0.0544902
internal_count=5600 4560 3556 2970 2128 1004 1040 1842 946 842 500 689 559 324 342 680 126 351 896 586 286 269 146 258 130 281 498 73 223 200
shrinkage=0.05


Tree=2
num_leaves=31
num_cat=0
split_feature=27 26 24 22 5 3 5 22 27 26 26 22 22 22 24 26 26 27 5 18 18 27 24 24 22 1 4 26 13 19
split_gain=147.604 183.236 89.3968 95.0257 40.4377 27.3617 26.9406 18.9175 22.1429 18.7285 16.1757 13.5515 13.4571 18.483 13.2876 13.1564 13.048 12.6847 12.3759 11.7118 11.1358 10.8393 10.7704 10.727 12.2232 10.6693 10.4653 15.4143 10.1808 10.1035
threshold=0.90250000000000019 0.81150000000000011 1.0265000000000002 1.0445000000000002 0.82050000000000012 1.9205000000000003 0.89650000000000007 1.0355000000000001 0.83850000000000013 1.3665 1.2195000000000003 1.5530000000000002 1.0465000000000002 0.74450000000000016 0.78250000000000008 0.77250000000000008 0.89850000000000019 1.0885000000000002 1.3665 -0.80349999999999988 0.037500000000000012 0.73350000000000015 0.71850000000000014 0.73550000000000015 0.8015000000000001 -0.50249999999999984 -1.2844999999999998 0.86050000000000015 0.78050000000000008 0.8035000000000001
decision_type=2 2 2 2 2 2 2 2 2 2 2 2 2 2 2 2 2 2 2 2 2 2 2 2 2 2 2 2 2 2
left_child=1 4 3 17 15 12 7 8 26 14 25 -11 13 -4 28 22 -10 23 -6 -13 21 -17 29 -2 -25 -7 27 -3 -5 -1
right_child=2 6 5 9 18 10 -8 -9 16 11 -12 19 -14 -15 -16 20 -18 -19 -20 -21 -22 -23 -24 24 -26 -27 -28 -29 -30 -31
leaf_value=-0.0017183605192146038 -0.010913576627317375 -0.050454533877830887 0.04262322754930032 -0.00489901366878786 0.0082067916854073313 0.047732682413330396 0.051670426822257948 0.053826258478114702 -0.041970675968428066 -0.078470743179650568 -0.060119657971085073 -0.057419069787109402 0.021265591113051152 -0.0058477353555142809 -0.00028009770138282116 0.013867031209414843 0.010162108398462578 -0.081360508003184631 0.056023737361631791 0.015257552015167165 0.030897578510601511 -0.053063926775696116 -0.040689456662205817 -0.015320437252116518 -0.066841943537329029 -0.028306053317168536 0.037170399462386733 0.037850179482763813 0.065907689016546492 -0.043764839441448919
leaf_count=189 58 36 90 29 327 30 934 224 68 41 98 34 526 630 203 47 164 207 65 64 74 50 370 56 261 48 483 44 68 82
internal_value=0 0.408674 -0.24662 -0.698601 -0.205226 0.077683 0.78761 0.56257 0.417806 0.00418923 -0.660872 -0.603124 0.182013 0.00424757 0.285511 -0.460066 -0.102544 -1.22928 0.322591 -0.199001 0.0331611 -0.412872 -0.591632 -1.0097 -1.15459 0.0187285 0.632311 -0.0382749 0.894779 -0.288723
internal_count=5600 3157 2443 1021 1204 1422 1953 1019 795 439 176 139 1246 720 300 812 232 582 392 98 171 97 641 375 317 78 563 80 97 271
shrinkage=0.05


Tree=3
num_leaves=31
num_cat=0
split_feature=25 26 27 25 25 25 26 24 22 27 5 22 27 27 3 5 25 3 5 22 17 6 5 4 25 13 27 27 24 24
split_gain=205.086 146.161 119.08 47.9764 43.2513 39.2191 30.6294 28.8539 55.919 27.1455 26.0283 24.1547 24.7 24.136 22.6318 21.5845 17.2747 15.8746 14.7879 13.9755 13.1663 12.1218 11.6394 11.4954 13.6693 10.8142 12.4974 10.5173 10.3314 10.22
threshold=1.0565000000000002 0.78050000000000008 0.90450000000000019 0.6785000000000001 1.4915 0.62350000000000005 0.86950000000000016 1.0065000000000002 0.99950000000000017 0.78250000000000008 0.82550000000000001 1.0025000000000002 1.0445000000000002 0.75650000000000006 1.6740000000000002 0.91550000000000009 0.94850000000000012 1.8335000000000004 1.2445000000000002 0.73650000000000004 2.1615000000000006 -1.2374999999999998 1.5755000000000001 -0.039499999999999993 0.81350000000000011 0.96150000000000013 0.84050000000000014 0.9225000000000001 0.82250000000000012 1.2035000000000002
decision_type=2 2 2 2 2 2 2 2 2 2 2 2 2 2 2 2 2 2 2 2 2 2 2 2 2 2 2 2 2 2
left_child=1 10 3 25 11 22 9 8 -7 16 -1 12 15 21 18 -2 -5 20 -9 -17 -6 -12 -4 24 -11 26 28 -15 -3 -21
right_child=4 2 5 6 17 7 -8 14 -10 23 13 -13 -14 27 -16 19 -18 -19 -20 29 -22 -23 -24 -25 -26 -27 -28 -29 -30 -31
leaf_value=-0.026414717136589289 -0.030684626979322106 0.045620777377964605 -0.034262447916330929 0.062810311782769024 -0.041785668969778644 -0.052018973324598684 0.067279190964673316 0.028376256544509988 0.02656163313694614 0.039668472977595196 -0.041660555681293898 0.010369657512542796 -0.058930697624175236 -0.015064140634141283 -0.0079723461822678084 0.076608203684561824 -0.00601661519615231 -0.092256704793687916 0.067801407680069578 -0.012503411113681008 0.020573802512726846 0.035118867361690863 0.025202909298780652 0.027325084159134511 -0.05600777791200845 0.044569000577099005 -0.028510389328190801 -0.09313292754176794 0.0013298913816042345 0.043221435238322788
leaf_count=667 247 87 248 246 599 156 854 358 217 21 23 361 142 82 131 30 43 60 130 123 36 196 38 75 52 102 75 22 134 45
internal_value=0 0.363833 0.586395 0.936139 -0.478025 0.125669 1.12421 0.314041 -0.125828 0.692842 -0.302265 -0.200024 -0.450712 0.164096 0.579084 -0.218945 1.05095 -0.857868 0.777509 0.273432 -0.764972 0.541025 -0.527195 -0.00401054 -0.569515 0.328924 0.135394 -0.630291 0.375015 0.0487466
internal_count=5600 3957 2967 1689 1643 1278 1291 992 373 437 990 948 587 323 619 445 289 695 488 198 635 219 286 148 73 398 296 104 221 168
shrinkage=0.05


Tree=4
num_leaves=31
num_cat=0
split_feature=25 26 27 25 25 25 26 24 22 27 5 27 22 27 3 5 25 3 24 17 0 25 5 22 5 25 24 11 5 11
split_gain=185.56 132.383 108.267 43.8561 39.2192 35.4453 28.0842 26.0945 48.9996 24.6889 23.5221 21.9041 21.8328 22.4214 19.7572 19.4987 15.7456 14.6504 12.8475 16.2487 14.4695 12.9364 12.6924 12.6797 12.2067 12.0337 10.946 12.0286 10.8791 10.7409
threshold=1.0565000000000002 0.78050000000000008 0.90450000000000019 0.6785000000000001 1.4915 0.62350000000000005 0.86950000000000016 1.0185000000000002 0.99950000000000017 0.78250000000000008 0.82550000000000001 0.9225000000000001 1.0025000000000002 1.0445000000000002 1.6740000000000002 0.91550000000000009 0.94850000000000012 1.8335000000000004 1.3545000000000003 1.5825000000000002 1.1075000000000002 2.0390000000000006 1.2445000000000002 0.73650000000000004 1.3365000000000002 0.58650000000000013 0.74550000000000016 0.56650000000000011 1.2105000000000001 -0.39449999999999991
decision_type=2 2 2 2 2 2 2 2 2 2 2 2 2 2 2 2 2 2 2 2 2 2 2 2 2 2 2 2 2 2
left_child=1 10 3 -3 12 -4 9 8 -7 16 -1 24 13 15 22 -2 -5 18 20 -20 21 28 -9 -17 25 26 27 -12 -6 -16
right_child=4 2 5 6 17 7 -8 14 -10 -11 11 -13 -14 -15 29 23 -18 -19 19 -21 -22 -23 -24 -25 -26 -27 -28 -29 -30 -31
leaf_value=-0.025128269330885356 -0.02917715751274217 0.01564333752035036 -0.025065620612226655 0.060017636699597893 -0.036992854810402494 -0.04861584033768232 0.064348641521330935 0.027347380500727561 0.024467014761674663 -0.00018974026652187806 -0.02008303292127981 -0.089302121497970857 0.0098524975913638832 -0.056191609184488761 0.02836942774242962 0.073089460618943669 -0.0057145451245664159 -0.088536077681442393 -0.02811664452082227 0.052735947673749631 -0.073208446797252621 -0.068258840025533243 0.064201852887084979 0.0023154672663685929 0.057083148923001453 0.026401704097516139 -0.058904673828898357 0.069153367204559599 0.0056395977334061974 -0.030346450822049831
leaf_count=667 247 398 286 246 190 157 854 354 223 148 54 22 361 142 52 30 43 60 112 32 128 85 128 168 56 128 42 21 88 78
internal_value=0 0.346647 0.558949 0.893462 -0.454936 0.119578 1.07408 0.298867 -0.113574 0.660537 -0.28755 0.156085 -0.190218 -0.428826 0.554944 -0.208158 1.00334 -0.817267 -0.728253 -0.202788 -0.883115 -0.678902 0.742195 0.259949 0.296189 0.103901 -0.359921 0.0979608 -0.46999 -0.13726
internal_count=5600 3957 2967 1689 1643 1278 1291 992 380 437 990 323 948 587 612 445 289 695 635 144 491 363 482 198 301 245 117 75 278 130
shrinkage=0.05


Tree=5
num_leaves=31
num_cat=0
split_feature=25 25 26 26 25 22 9 5 5 25 9 0 24 0 22 22 4 10 23 24 3 14 24 25 10 24 26 15 15 1
split_gain=191.153 122.238 75.6011 34.2438 32.6914 30.7235 28.8643 27.8733 19.9488 23.0553 16.2373 14.2857 12.7695 12.3492 12.0736 15.7216 11.5489 12.28 11.4065 10.8978 10.5288 10.4051 9.84659 9.69797 12.4814 9.3512 9.22096 8.70095 8.57361 8.36764
threshold=1.0675000000000001 0.66550000000000009 0.77650000000000008 1.0825000000000002 1.5695000000000003 1.0265000000000002 1.1375000000000002 0.85250000000000015 0.88150000000000006 0.96550000000000014 1.6925000000000001 2.2790000000000004 0.97750000000000015 2.4065000000000007 0.81050000000000011 1.0885000000000002 -0.26349999999999996 -0.60149999999999981 1.1125000000000003 0.6705000000000001 1.8335000000000004 1.2275000000000003 2.1485000000000007 0.96950000000000014 -0.39949999999999991 0.74850000000000017 0.98850000000000016 0.24750000000000003 1.0415000000000003 1.1045000000000003
decision_type=2 2 2 2 2 2 2 2 2 2 2 2 2 2 2 2 2 2 2 2 2 2 2 2 2 2 2 2 2 2
left_child=1 6 7 8 5 12 14 21 9 29 13 -10 19 23 -1 16 17 -16 -18 -2 22 -3 26 -5 -25 -17 -6 -9 -7 -4
right_child=4 2 3 10 20 28 -8 27 11 -11 -12 -13 -14 -15 15 25 18 -19 -20 -21 -22 -23 -24 24 -26 -27 -28 -29 -30 -31
leaf_value=0.0018278526349450525 0.008273019605330648 -0.03892285082165086 0.043559757156542471 0.019477604727530795 0.0029490969731233944 0.017091231125202465 0.022435733280204241 0.054088293558272688 0.056248393324251335 -0.0061155710764487867 0.058084486080160605 -0.0046711070081620195 -0.012533884164814733 -0.061283258943438126 -0.048930036556594607 0.037425506513832425 -0.048453587588140688 -0.0026690105778685688 0.0045548068422134108 -0.045977264237052576 -0.085391202683917103 0.021262885688319376 0.01790126498988813 -0.055947900577516529 0.010502712245625358 -0.013983426236743366 -0.047174602378030554 -0.00086499749529525029 -0.022717298076981026 0.014945960217960059
leaf_count=272 42 231 602 354 40 284 234 60 798 138 73 41 329 25 78 60 309 221 47 325 58 33 28 44 80 87 459 56 67 125
internal_value=0 0.311771 0.560006 0.698986 -0.504553 -0.292879 -0.189336 -0.267767 0.843095 0.628912 0.276676 1.06511 -0.537246 0.148516 -0.328302 -0.452094 -0.585126 -0.294697 -0.829118 -0.794924 -0.885796 -0.627905 -0.797233 0.220381 -0.262027 0.139999 -0.862516 0.551486 0.189796 0.772644
internal_count=5600 3968 2660 2280 1632 1047 1308 380 1704 865 576 839 696 503 1074 802 655 299 356 367 585 264 527 478 124 147 499 116 351 727
shrinkage=0.05


Tree=6
num_leaves=31
num_cat=0
split_feature=27 26 22 24 5 5 27 22 22 27 0 27 26 10 24 27 22 1 6 24 27 22 22 20 24 9 0 10 0 19
split_gain=112.02 116.724 57.0571 59.8023 30.2502 26.3551 19.439 18.0767 17.1276 12.6199 11.918 11.8977 17.3187 11.5454 11.3972 11.1249 13.6948 11.0451 11.4687 10.8987 10.8209 10.5942 11.1364 10.3942 14.5596 10.1628 10.0522 9.67085 9.51528 9.01912
threshold=0.90650000000000008 0.81150000000000011 1.0325000000000002 1.0935000000000004 0.88150000000000006 0.82050000000000012 1.0105000000000002 0.75750000000000017 1.0605000000000002 1.0885000000000002 1.5645000000000002 0.82250000000000012 0.88850000000000018 -1.0664999999999998 1.0475000000000001 0.99050000000000005 0.87450000000000017 1.7720000000000002 1.7735000000000003 0.73550000000000015 0.72650000000000003 0.70650000000000013 0.95150000000000012 1.0000000180025095e-35 1.2565000000000002 1.2125000000000001 1.6975000000000002 0.65350000000000008 1.1775000000000002 0.31150000000000005
decision_type=2 2 2 2 2 2 2 2 2 2 2 2 2 2 2 2 2 2 2 2 2 2 2 2 2 2 2 2 2 2
left_child=1 5 3 9 8 10 25 -5 11 19 -1 13 -13 29 -14 16 -9 18 -8 -2 -7 -6 23 24 -23 -4 -21 28 -22 -3
right_child=2 4 6 7 21 20 17 15 -10 -11 -12 12 14 -15 -16 -17 -18 -19 -20 26 27 22 -24 -25 -26 -27 -28 -29 -30 -31
leaf_value=-0.022453776027017678 0.0029883875700260033 -0.044498646028824779 0.01633658018176317 0.033008214621042996 0.073810805217826223 0.026131978412263047 -0.0037893435866372658 0.04489064343341892 0.048554290337615706 -0.067146919579970085 0.021132028216998847 -0.046413884698018049 -0.0093444612916435132 0.028251395980617117 0.036054656759404224 -0.022211458457210214 -0.013054276372699326 -0.058393704324729581 0.046767850725257888 -0.038233335579874225 -0.0013655863953615439 0.011300036720306892 0.052037095112490384 0.05136135466616211 0.081503375398997907 0.061703169189783413 -0.091009680371371152 0.029986324432908808 -0.062190109313264887 0.024927811925078994
leaf_count=749 56 43 184 100 107 240 759 64 163 247 69 71 129 442 99 412 114 35 48 289 70 279 416 148 34 68 42 48 41 34
internal_value=0 0.318482 -0.255769 -0.537021 0.623396 -0.169098 0.0830431 -0.129175 0.373596 -0.985192 -0.375506 0.25512 -0.0642113 0.439642 0.20684 -0.26287 0.155895 -0.0634274 -0.0155679 -0.758889 0.25359 0.874093 0.801113 0.584985 0.377096 0.571705 -0.898319 -0.152202 -0.477685 -0.279887
internal_count=5600 3182 2418 1324 1965 1217 1094 690 981 634 818 818 299 519 228 590 178 842 807 387 399 984 877 461 313 252 331 159 111 77
shrinkage=0.05


Tree=7
num_leaves=31
num_cat=0
split_feature=25 25 26 27 25 9 5 26 25 24 0 5 24 27 25 3 1 13 10 5 3 13 3 4 27 4 3 5 24 14
split_gain=169.675 107.363 65.6061 59.1618 28.16 25.0969 23.7487 23.3281 26.6486 18.5716 17.017 17.9046 16.0061 14.1963 13.8013 13.1456 12.0489 11.726 11.4844 11.3835 11.0608 10.8084 10.7932 11.3649 10.4244 10.2984 9.96823 9.61061 9.58818 9.42767
threshold=1.0675000000000001 0.66550000000000009 0.77650000000000008 0.90650000000000008 1.5585000000000002 1.1375000000000002 0.85250000000000015 0.86350000000000016 0.89550000000000007 0.97750000000000015 1.6975000000000002 1.2635000000000003 0.94450000000000012 0.93850000000000011 0.96950000000000014 1.9805000000000004 0.5495000000000001 1.3135000000000003 -0.47449999999999992 0.88450000000000017 1.7525000000000002 0.9405 0.34850000000000003 -0.56549999999999989 0.79950000000000021 -0.13099999999999998 1.8335000000000004 1.3365000000000002 0.6755000000000001 1.2275000000000003
decision_type=2 2 2 2 2 2 2 2 2 2 2 2 2 2 2 2 2 2 2 2 2 2 2 2 2 2 2 2 2 2
left_child=1 5 6 7 9 20 29 8 24 13 11 14 -12 19 -5 -13 -14 18 -11 28 21 22 23 -1 -4 -26 -6 -24 -2 -3
right_child=4 2 3 10 26 -7 -8 -9 -10 17 12 15 16 -15 -16 -17 -18 -19 -20 -21 -22 -23 27 -25 25 -27 -28 -29 -30 -31
leaf_value=0.06353946987504247 0.027240477472582125 -0.036199014332253726 0.054492224684771884 0.019359356610405849 -0.037160290587935338 0.020889601328992171 0.025544415946206253 0.056028637598021271 -0.0087644384587354639 0.014182212839680981 -0.069958411648986987 0.056997114812000899 0.026967836774816342 -0.050233714502099847 -0.015607362508836318 -0.012294490114557008 -0.052459557171629007 0.023523757153520859 -0.023080164693477939 0.0067311138375669259 -0.045871561174318704 0.0041876090889590208 -0.026163318043983159 -0.01653046156032404 -0.035411903008411044 0.047762220140668415 -0.081839165610189057 0.034036152120380206 -0.039192600120258457 0.021111779730532396
leaf_count=31 25 231 234 459 545 234 116 901 139 128 43 166 67 181 151 33 27 147 237 139 108 291 574 42 29 31 58 28 172 33
internal_value=0 0.291906 0.525778 0.655944 -0.479174 -0.1779 -0.2468 0.932963 0.548964 -0.277971 0.273428 0.384191 -0.381711 -0.54723 0.213913 0.908387 0.0821549 -0.00771106 -0.200239 -0.304477 -0.307628 -0.239614 -0.378929 0.349565 0.895169 0.150491 -0.826375 -0.467286 -0.61488 -0.580006
internal_count=5600 3968 2660 2280 1632 1308 380 1334 433 1029 946 809 137 517 610 199 94 512 365 336 1074 966 675 73 294 60 603 602 197 264
shrinkage=0.05


Tree=8
num_leaves=31
num_cat=0
split_feature=25 25 25 26 27 5 9 0 5 22 22 27 27 22 25 9 26 25 27 5 22 13 3 14 22 15 27 26 8 25
split_gain=154.391 74.0216 62.435 52.7215 47.1281 26.8467 22.6732 20.0204 19.8394 14.0225 16.4332 16.4747 13.7421 14.4102 13.7138 12.0755 11.8623 14.9748 13.532 11.3049 10.9579 11.926 11.0469 10.8453 10.5244 10.495 10.0509 9.95873 10.4961 9.90073
threshold=1.2450000000000003 0.66550000000000009 0.96550000000000014 0.77650000000000008 0.90250000000000019 0.87650000000000006 1.1375000000000002 1.6975000000000002 0.80850000000000011 0.71850000000000014 1.0445000000000002 1.0705000000000002 0.91150000000000009 1.0215000000000003 1.9405000000000003 1.0415000000000003 0.87150000000000005 0.7955000000000001 0.8015000000000001 1.8805000000000003 0.69950000000000012 0.9405 0.34850000000000003 0.7360000000000001 1.1035000000000001 -1.4779999999999998 0.89550000000000007 0.85650000000000015 1.0000000180025095e-35 0.78850000000000009
decision_type=2 2 2 2 2 2 2 2 2 2 2 2 2 2 2 2 2 2 2 2 2 2 2 2 2 2 2 2 2 2
left_child=1 6 3 8 16 15 20 19 23 -2 11 25 27 -14 -12 -4 18 -18 -5 -6 -1 22 -22 -3 -24 -11 -23 28 -7 -20
right_child=9 2 5 4 7 12 -8 -9 -10 10 14 -13 13 -15 -16 -17 17 -19 29 -21 21 26 24 -25 -26 -27 -28 -29 -30 -31
leaf_value=0.016635904998750253 0.028244472239169302 -0.038538505543543301 -0.027651450242216592 0.045804679794473259 0.020081210210484226 0.053603973742485746 0.019860762628717322 -0.022594735627872203 0.026804006435975802 0.032114802883518666 -0.003032548185941686 -0.062410310483681557 -0.020106312958098782 0.022799114031655424 -0.043794110561913499 0.010608767588141183 0.034343376480963077 0.067571857057078299 0.038825463788011841 0.073127295304522694 0.013747080579612096 0.012075340322806506 -0.034276944020355304 0.01221147000321917 0.0065292372136758663 -0.03390287825218196 -0.027310385268225525 0.046474129969190363 -0.036226884964225374 -0.030185837414089745
leaf_count=102 40 160 351 322 576 21 234 111 114 26 265 255 160 156 123 109 199 499 38 44 66 196 540 58 72 418 98 165 35 47
internal_value=0 0.231778 0.39983 0.593916 0.72947 -0.0157374 -0.169187 0.335735 -0.143188 -0.604141 -0.647511 -0.8335 0.290449 0.0225254 -0.3162 -0.371534 0.99803 1.16136 0.723919 0.476381 -0.292571 -0.358354 -0.504879 -0.499534 -0.58915 -0.600913 -0.0206878 0.677691 -0.0525155 0.0121517
internal_count=5600 4473 3165 2168 1836 997 1308 731 332 1127 1087 699 537 316 388 460 1105 698 407 620 1074 972 678 218 612 444 294 221 56 85
shrinkage=0.05


Tree=9
num_leaves=31
num_cat=0
split_feature=25 26 27 5 22 24 25 25 5 27 24 9 3 25 25 23 22 22 27 1 24 9 8 5 22 13 24 2 3 25
split_gain=140.003 68.2895 83.5718 31.9035 28.2532 36.8449 21.3288 23.2222 20.1036 17.688 14.3101 14.2445 13.5552 12.324 11.9377 11.5378 11.3129 14.6352 12.7172 12.0185 11.6382 11.2258 11.1321 12.2856 10.4713 10.046 9.92874 9.93291 9.67001 9.54
threshold=1.2450000000000003 0.8055000000000001 0.90650000000000008 0.88150000000000006 1.0405000000000002 1.0795000000000001 1.0975000000000001 0.6695000000000001 0.78650000000000009 0.83850000000000013 0.71850000000000014 1.1035000000000001 1.7785000000000004 0.62350000000000005 1.0025000000000002 1.3145000000000002 0.6805000000000001 0.96950000000000014 0.88650000000000007 -0.45449999999999996 1.1855000000000002 0.76650000000000007 1.6300000000000001 1.7110000000000001 0.95950000000000013 1.3685000000000003 0.73550000000000015 -1.1544999999999999 1.8795000000000002 0.6905
decision_type=2 2 2 2 2 2 2 2 2 2 2 2 2 2 2 2 2 2 2 2 2 2 2 2 2 2 2 2 2 2
left_child=1 8 3 6 5 -4 7 26 10 25 -1 21 16 -7 -15 -12 -2 20 19 -19 -18 -6 23 -20 -11 -10 -3 -28 -13 -5
right_child=12 2 4 29 11 13 -8 -9 9 24 15 28 -14 14 -16 -17 17 18 22 -21 -22 -23 -24 -25 -26 -27 27 -29 -30 -31
leaf_value=-0.001309596333343092 0.043100316179401264 0.051947848792078172 -0.037819315148912971 0.026016322398165866 0.021406035580999631 -0.027967603288113038 -0.024867509646670297 0.035760981474333653 0.0094784466536813883 -0.069729946807810847 -0.03460856365577103 0.039449053793770124 -0.062000335447935817 0.026584628379957998 -0.0090194034660024767 0.025511657035817634 -0.048698625788104355 0.063804462053842034 -0.017165300526692916 -0.0075877590888710255 -0.012413531580665289 -0.011479252361891559 -0.038227993750849641 0.050899698245942482 0.0055122132264622276 0.0581968978625012 0.030497432982950792 -0.029862750836917768 -0.017249788556447931 0.054657103869221284
leaf_count=276 24 26 318 145 202 88 90 641 353 44 437 268 117 258 150 35 360 35 142 73 120 217 223 33 33 49 36 114 34 659
internal_value=0 0.221132 0.375612 0.687614 0.0372191 -0.219785 0.428166 0.532747 -0.182859 0.139072 -0.389173 0.326731 -0.576619 0.121565 0.26878 -0.602895 -0.50241 -0.535891 -0.297819 0.311056 -0.790218 0.0874089 -0.465117 -0.085522 -0.748411 0.307667 -0.11004 -0.307432 0.660054 0.986196
internal_count=5600 4473 3246 1711 1535 814 907 817 1227 479 748 721 1127 496 408 472 1010 986 506 108 480 419 398 175 77 402 176 150 302 804
shrinkage=0.05



feature importances:
feature_25=45
feature_22=36
feature_27=35
feature_5=33
feature_24=33
feature_26=29
feature_3=19
feature_9=10
feature_13=9
feature_0=8
feature_4=7
feature_1=5
feature_19=5
feature_10=5
feature_15=3
feature_14=3
feature_23=3
feature_17=2
feature_18=2
feature_11=2
feature_8=2
feature_6=2
feature_20=1
feature_2=1

pandas_categorical:null
